29 0 11 0 0 17 5 5 0 16 6 0 5 0 29 
0 3 23 29 31 32 46 47 

10 0 16 0 0 29 0 5 0 17 5 5 6 0 29 
0 3 20 29 30 39 40 43 46 49 

16 0 25 0 0 17 0 0 5 29 5 5 0 6 29 
0 14 23 29 30 40 46 47 48 

21 5 29 0 6 29 0 0 4 20 
0 1 5 7 9 11 16 17 22 24 25 27 29 30 31 33 34 35 36 38 41 43 46 48 49 
53 57 58 
29 6 23 6 0 29 0 0 4 20 
0 1 3 5 9 15 22 23 25 27 29 31 32 34 35 36 38 39 43 46 48 49 
53 57 58 
29 5 22 0 3 29 6 0 0 29 
3 17 20 30 31 39 43 44 46 49 

29 1 29 5 0 22 6 0 0 29 
3 5 29 30 36 39 44 46 

29 5 22 6 0 29 0 0 3 10 0 0 5 0 10 
3 5 17 20 22 23 30 31 36 39 43 44 46 

18 0 29 6 6 29 
1 3 4 5 7 14 15 16 22 24 25 29 30 31 34 35 38 39 40 41 43 44 46 48 49 
53 56 57 59 61 
29 0 23 6 0 29 4 6 0 20 
0 1 3 4 5 7 16 22 23 25 29 30 31 32 34 35 36 38 39 41 43 46 47 
53 56 58 
10 0 29 5 5 22 0 6 0 29 0 0 0 5 10 
5 8 20 22 30 31 36 43 44 46 

29 5 22 6 0 29 0 0 3 10 
3 5 17 20 22 23 29 30 31 36 39 43 44 46 
56 
10 0 16 0 0 29 0 0 5 17 5 5 6 0 29 
0 3 5 14 22 23 29 30 31 32 39 43 46 

29 0 10 6 0 29 0 5 3 27 
0 5 7 19 29 30 31 32 44 46 

29 0 12 6 3 29 0 0 5 16 
7 20 23 29 30 32 34 39 

10 0 29 5 5 22 0 6 0 29 
5 8 20 22 30 31 36 43 44 46 49 

29 6 29 3 0 26 5 0 0 22 
8 17 22 29 31 43 44 46 

18 0 29 0 4 28 5 6 0 29 
5 9 17 22 29 30 31 32 34 35 40 44 46 
54 
29 0 16 0 3 28 6 0 4 29 
8 9 15 29 40 44 

16 3 15 5 0 29 0 0 0 17 0 0 6 5 29 
10 23 31 34 38 47 48 

16 0 29 5 3 29 5 0 0 17 0 0 6 0 29 
10 20 22 25 29 30 31 39 40 43 46 47 

16 0 17 0 0 29 0 5 5 17 5 0 6 0 29 
3 10 22 23 29 30 31 34 36 38 39 43 46 48 

29 6 29 4 0 20 0 0 0 27 6 0 0 3 28 
0 7 11 29 41 

29 0 27 6 2 29 0 0 4 20 
0 3 5 7 11 29 41 46 

23 3 16 0 0 29 0 5 6 29 
0 3 5 7 14 20 23 30 31 47 48 

16 0 29 0 5 17 0 5 0 11 5 6 0 0 29 
0 14 23 30 32 34 43 48 

16 0 10 0 2 29 0 0 5 17 5 0 6 0 29 
0 3 10 14 22 23 29 30 31 39 46 

24 0 29 0 0 27 6 6 3 29 
14 15 19 29 30 31 41 

27 3 29 0 0 12 0 6 5 29 
3 14 15 19 29 30 31 32 

10 0 29 0 3 27 5 6 0 29 
0 3 5 8 16 19 23 29 30 31 44 46 

20 0 29 0 4 16 4 6 0 29 
3 5 7 10 16 17 23 29 30 34 36 41 46 48 
57 62 
12 5 29 0 0 28 0 6 4 29 
8 17 20 29 30 32 34 35 36 38 41 43 46 48 

29 6 29 0 0 16 5 0 5 22 
17 20 23 29 30 31 46 

29 3 27 6 0 29 5 0 0 24 
5 19 23 29 30 34 40 44 46 

29 0 10 0 3 11 5 0 0 22 6 5 0 0 29 
3 17 20 22 29 31 39 46 

29 0 10 5 0 22 0 0 5 21 6 5 0 0 29 
3 5 20 22 30 39 43 46 

28 0 29 0 1 13 4 6 0 29 
21 22 29 32 34 35 38 43 

28 0 29 0 2 21 4 6 0 29 
21 22 29 32 34 46 

29 0 29 0 5 22 0 6 0 29 6 0 0 5 10 
3 17 22 29 30 31 39 43 44 46 

29 6 29 0 0 15 0 5 5 16 0 0 0 5 17 
20 22 23 30 31 39 40 47 48 49 

16 0 29 0 5 17 0 0 3 12 5 6 0 0 29 
3 14 22 30 31 32 34 39 43 

23 0 17 0 5 29 0 0 0 16 6 0 6 5 29 
3 10 14 22 23 29 38 39 40 43 48 

19 3 10 0 5 29 0 0 6 29 0 0 0 5 22 
17 20 22 23 29 31 39 43 44 46 

19 0 17 4 0 29 0 0 5 16 0 5 6 0 29 
23 30 31 34 39 43 46 

20 3 29 0 6 29 
0 1 3 4 5 7 8 10 11 14 15 16 17 19 20 22 23 24 25 26 27 29 30 31 34 35 36 38 39 40 41 43 44 46 47 48 49 
53 54 56 57 58 59 61 62 
21 0 29 5 6 29 
0 1 3 4 5 7 9 11 15 16 17 20 21 22 24 25 26 27 29 30 31 32 33 34 35 36 38 39 40 41 43 44 46 47 48 49 
53 56 57 58 59 61 62 
16 0 29 0 4 20 5 6 0 29 
0 3 5 7 17 22 23 25 29 30 31 35 36 38 39 43 46 47 48 49 
58 59 
16 0 29 0 5 13 5 0 0 17 5 6 0 0 29 
0 3 10 23 25 29 30 31 39 40 43 48 

29 0 16 4 5 28 6 0 0 29 
17 20 27 29 30 34 36 44 

16 0 20 0 0 17 0 6 5 29 5 0 0 6 29 
0 5 22 23 29 30 31 32 34 38 39 43 46 

10 5 26 5 0 29 0 0 6 29 0 0 0 5 22 
17 20 22 29 31 39 43 44 46 

29 0 16 0 0 17 0 0 5 29 5 5 0 6 29 
0 3 5 14 22 23 29 30 31 34 38 39 46 47 48 
59 
16 2 10 0 0 17 0 0 5 29 5 0 0 6 29 
0 3 5 23 29 30 31 32 36 46 

29 6 29 4 0 20 3 0 0 10 6 0 0 0 28 
0 7 25 29 30 31 34 36 38 39 41 

21 0 16 0 0 29 5 0 5 17 0 5 6 0 29 
30 31 35 39 43 46 48 

16 0 29 5 0 17 5 0 0 20 5 6 0 0 29 
0 3 23 25 30 31 39 40 43 46 48 

21 0 29 0 0 10 0 5 0 22 6 6 5 0 29 
3 20 22 30 31 39 44 46 

29 6 29 0 5 17 6 0 0 20 5 0 0 0 16 
5 10 14 22 23 29 31 34 38 39 40 43 46 48 

21 2 29 0 6 29 0 5 0 16 
5 7 22 31 32 34 38 43 44 

21 2 29 0 6 29 0 0 5 17 0 5 0 0 16 
5 22 31 32 34 38 43 

16 0 29 0 5 17 5 6 0 29 0 0 0 3 29 
3 5 10 22 29 30 31 32 34 36 39 43 46 47 

28 0 29 0 0 20 6 6 4 29 0 0 5 0 16 
14 22 29 31 33 41 

20 0 28 0 2 10 4 6 0 29 0 0 0 6 29 
22 25 29 31 33 38 41 

16 0 17 0 0 17 0 5 4 29 5 0 0 6 29 
0 3 22 29 30 31 34 39 47 

16 0 29 0 3 11 0 5 0 17 5 6 0 0 29 
0 22 29 30 31 32 34 39 

29 3 26 6 0 29 0 0 5 17 5 0 0 0 16 
14 23 29 30 31 34 38 39 43 

17 4 13 5 0 29 0 0 0 16 0 0 6 5 29 
3 5 14 22 23 29 30 31 34 35 36 

15 0 29 0 6 29 0 0 5 17 5 5 0 0 16 
5 22 23 29 30 31 35 39 46 47 48 

23 5 29 0 0 17 0 5 0 16 0 6 5 0 29 
0 3 5 14 22 23 29 30 32 34 35 38 39 46 
58 
29 0 10 5 0 22 5 0 0 10 6 5 0 0 29 
3 5 17 20 22 29 31 36 39 43 46 

17 5 29 0 6 19 0 0 0 16 0 6 0 5 29 
22 29 30 34 36 38 39 43 46 

16 0 29 0 5 17 0 5 0 22 5 6 0 0 29 
3 22 30 31 36 43 46 

17 5 29 0 0 16 5 0 0 13 0 6 5 0 29 
3 22 23 29 30 38 40 43 46 47 48 

16 0 29 0 5 17 0 0 0 20 5 6 0 2 29 
3 14 22 29 30 34 38 

16 0 17 0 0 28 0 5 5 29 5 0 0 6 29 
22 23 29 30 32 34 38 43 46 

29 5 17 6 0 29 0 0 5 16 0 0 0 5 17 
3 10 22 23 29 30 31 39 43 46 47 48 

10 0 10 5 5 29 0 0 6 29 0 0 0 5 22 
17 22 23 29 31 39 43 44 46 

16 0 29 0 0 11 0 5 0 17 5 6 6 0 29 
0 23 29 32 39 46 48 

16 0 29 0 3 23 0 5 0 17 5 6 0 0 29 
0 3 10 22 29 30 31 39 40 43 48 

17 5 29 0 0 16 0 6 5 29 0 0 0 2 29 
23 29 30 31 36 39 40 43 46 

21 5 29 0 0 17 0 5 0 16 0 6 5 0 29 
0 30 34 35 36 38 40 47 

29 0 23 6 0 29 3 5 0 27 
0 3 16 19 29 34 40 41 46 

17 0 29 0 6 29 0 0 5 16 5 0 0 5 17 
3 23 30 31 39 43 46 47 48 

19 0 10 5 0 29 0 5 6 29 0 0 5 0 22 
17 20 22 29 30 39 43 44 

16 3 29 0 0 17 0 0 5 29 5 0 0 6 29 
0 3 14 22 23 29 30 34 36 38 39 43 48 

29 0 16 0 0 10 5 0 0 22 6 5 5 0 29 
3 20 22 23 30 31 39 43 44 46 

29 0 10 5 0 22 6 5 0 29 0 0 0 5 23 
3 8 22 23 29 30 39 43 44 46 

23 0 16 0 5 29 0 0 0 17 4 0 6 5 29 
3 23 29 30 34 38 43 46 

16 0 13 0 0 17 0 5 5 29 5 0 0 6 29 
0 3 5 10 14 23 30 31 32 34 35 38 39 43 46 

29 5 17 0 0 24 6 0 3 29 0 0 0 5 16 
3 35 38 39 43 46 48 

16 0 29 0 0 10 5 0 0 17 5 6 4 0 29 
0 3 20 25 29 30 31 43 47 

29 0 17 5 0 16 6 5 0 29 3 0 0 0 28 
0 5 22 23 30 46 47 

29 0 17 5 0 16 6 5 0 29 5 0 0 0 15 
0 3 5 10 22 23 29 31 34 38 43 47 

17 5 29 0 6 29 0 0 0 17 0 0 5 1 16 
3 29 30 31 36 39 40 48 

16 0 29 0 0 12 0 5 5 17 5 6 0 0 29 
3 5 22 23 29 30 34 35 39 43 46 48 

29 6 29 5 0 22 0 0 3 19 
8 17 22 30 36 46 49 

